17016303166
17017916658
17024465648
13635131423
15823222088
15524973396
18252599609
13788578566
13991235630
15676374414
13581267955
13807734498
13059752282
18268967786
18876596734
17758504815
17542126271
13387731997
13687742445
15078379920
13978378809
13978366143
13977382287
15277366963
15185772160
13707734071
16698122781
13319068078
18177382185
18551706928
15008993271
13182990578
18290067776
15209057363
18855129172
13679974735
13204218839
18999787371
13109973772
13364860882
18690315228
19768534691
18899998888
18878322945
16772431002
18377332663
17777371078
15677329978
18377389198
19167630872
18178315758
18878395957
19167630872
17014541765
17050822672
17000650766
17140941200
17026708043
16238822630
17050999813
17016303512
17000654207
17016304658
17000652147
17140940875
16223734012
17020834653
16785371339
16785370776
17000655184
17171261565
16274745949
17040670785
16223738754
15874182074
17000655206
17041518145
16261656278
17017932410
16238822506
16785370695
17016304138
17140945763
17090648860
17171262021
17016304133
16785371361
16740445025
17024464392
17026963728
16223739395
17171261410
17140946763
16785981410
17000652848
16212917882
17171261547
17000652969
17050589608
17026708136
16223735966
16785371331
16756020575
17017932508
17026709124
16785511714
16212911631
16220710647
17000653700
17016303166
17017916658
17024465648
16273445450
17024465520
17000652438
17000650369
16756608611
17016303325
17171261670
16223735896
16785370325
17000651850
17140941033
17014541647
16238822397
17000653326
17000653224
17000651568
17167856960
17140941075
16785370591
17050545608
17000650543
17143467187
16785371081
17069624066
16756020612
17016304809
17000652790
16220710317
17016304207
17016303433
16223737486
16223732056
17016304762
17000653705
17016304262
17000654147
17016304363
17041516095
17040670806
17050580493
16522190930
17000650782
18721440254
17140941260
16740445053
17000654465
16521635466
16238822698
17014541659
18721491806
18640816212
13641797504
16571182183
17140940991
17000655027
17166764490
16522194944
16219420538
17000651091
16536225024
16785371073
16274742974
16536227106
16223736363
16212948481
16785371307
17016303418
16571153054
16212949527
17024078629
17050540195
17050589726
17024077169
17028070356
17050540322
17017044624
17050588482
17054269502
17038343227
17017038310
17050998986
17017041624
17050588514
17017036196
17017918959
17023307623
17050589231
17026846921
17017024504
17017043145
17038391007
17024078579
17038391355
17017021150
17050589007
17017036157
17019468560
17017910903
17026846720
17023309554
17026846113
17010682124
17028070169
17017594996
17028014604
17024074884
17092332340
17090641335
17018404361
17084436953
17090641064
17017932698
17019959968
17024075294
17017038395
17017034385
17024071696
17017043092
17017036561
17017038227
18721431062
13641794464
17555003191
13095508970
15665502970
17050549213
17050588973
17050545561
17040278449
17017043084
17090648571
17028070408
17026846982
17024074409
17050540521
17024073321
17017910701
17017034335
17024074396
17050999896
17028070051
17023309623
17090641809
17017044712
17017912732
17028013264
17017047421
17017036198
17017022503
17024075261
17050548967
17050588930
17017912487
17019468584
17024073067
17017039382
17017038171
17026848332
17021344063
17050588646
17092331702
17050588662
17017919132
17050588559
17017049413
17026848774
17050548804
17017912464
17038391622
17038392077
17024076049
17050585754
17024078045
17092332237
16756681780
16261656283
16259504158
16571303534
16237904306
16220710574
16522199853
17050549324
16521234348
16571304155
16536765735
16259508463
17138524496
16571133502
16237900409
17024075145
16536227375
16536766169
16521630609
17138524503
16536895635
16227211036
16228346934
16259506409
16756340073
16259506517
17145236189
16222653531
16227211148
16756340586
16536766117
16532473587
17010012914
16521985521
16259508478
16232404653
16259502932
16211721839
17050548922
16259506103
16259504708
17040275013
17050999781
16756071767
16263386853
16210747838
16259504495
16536730187
17024078580
16254432630
16211721820
16522196200
16259508192
16232403989
17024074872
16259504381
16227211422
16263386736
16232407823
16232405612
17084436751
16571133323
17144317993
17017918813
16259509365
16536895563
16237900452
